address,balance,num_txns,avg_txn_percent,total_fees
0x3c783c21a0383057d128bae431894a5c19f9cf06,6.401810419390594e+22,9996,3.917327946087676e-13,391390800
0xdccf3b77da55107280bd850ea519df3705d1a75a,7.490211129257493e+23,9996,3.112949122442213e-13,321592800
0x8894e0a0c962cb723c1976a4421c95949be2d4e3,2.579551074151597e+23,9998,1.4702940588117623e-20,2069562848
0x161ba15a5f335c9f06bb5bbb0a9ce14076fbb645,2.4116329715195e+24,9994,1.937382338017369e-13,209874000
0x515b72ed8a97f42c568d6a143232775018f133c8,2.7708932549647586e+24,9996,2.731123550549585e-13,281761408
0xeb2d2f1b8c558a40207669291fda468e50c8a0bb,6.598507522567538e+22,9996,1.993318670189709e-13,209916000
0xbd612a3f30dca67bf60a39fd0d35e39b7ab80774,6.923219358486151e+22,9995,1.9520906093515613e-13,209895000
0xa180fe01b906a1be37be6c534a3300785b20d947,8.181323057116831e+23,9999,1.195597063098065e-12,2071072872
0xe2fc31f816a9b94326492132018c3aecc4a93ae1,6.91660306642045e+22,9999,0.0,2071072872
0x41772edd47d9ddf9ef848cdb34fe76143908c7ad,5.8803669822282e+22,7541,3.0751235673341642e-12,499679710
0x21d45650db732ce5df77685d6021d7d5d1da807f,4.806706840128914e+21,8357,1.535878921987701e-12,1730224184
0x0d0707963952f2fba59dd06f2b425ace40b492fe,1.3230847639329318e+22,9989,5.577822627692879e-12,1578450000
0x089a4055b37e033675538513d84841b99a32226e,6.778546168881893e+21,8421,3.553707947388118e-12,941150000
0xd6faf697504075a358524996b132b532cc5d0f14,1.07786068672308e+22,5292,4.743874432054901e-14,618030000
0x85cf05f35b6d542ac1d777d3f8cfde57578696fc,5.095795257246654e+21,7875,2.161484727660574e-13,1183181000
0x986a2fca9eda0e06fbf7839b89bfc006ee2a23dd,3.628687189370448e+21,5229,3.9560883067280996e-14,312552535
0x05f0fdd0e49a5225011fff92ad85cc68e1d1f08e,3.785176764174352e+21,9719,4.9924198605046916e-14,1179350000
0x4b3b4120d4d7975455d8c2894228789c91a247f8,3.3905054494185e+22,2125,3.130212853871877e-13,195160000
0x51836a753e344257b361519e948ffcaf5fb8d521,2.154209217395648e+21,6511,7.883668353648358e-13,136731000
0x625b02b687ec38f3085af5b108dda410775fa76a,5.183286627338204e+21,9997,0.0,3257700000
0xb1cb88b1a1992deb4189ea4f566b594c13392ada,1.3932637206023112e+22,2946,5.674051556891992e-14,276127971
0xcd5f3c15120a1021155174719ec5fcf2c75adf5b,5.490802475448742e+21,6886,9.45370469027833e-12,6886000000
0x171a9377c5013bb06bca8cfe22b9c007f2c319f1,2.705293933061617e+21,8940,2.42600745646128e-14,855430000
